50
1
0
1763467572.22487 995132523.565046 1070363919.11475 1777687694.79035 1993676637.42511 1245298646.47677 1064613219.17624 1803587575.83094 1513683308.84709 410815972.707421 1548735702.7497 862089387.094978 567674422.612329 1379247406.95224 616919866.7161 1725344725.59065 1012270973.42162 1664118599.70661 1056360919.08657 1031355697.01812 1374431563.59454 1675179959.62124 835411057.290549 572875177.502421 1316433398.54564 177880117.849281 1334313447.34119 676644900.071474 1768306960.36842 645751959.886098 1014656079.87556 1080351121.21228 1335061824.98924 11592448.0741275 861827737.133252 728068096.618294 787754521.17318 144742671.126647 2082282582.7802 1516036972.9738 742091296.139841 728489079.741636 1359932697.95415 2081573010.13019 228780683.703442 1896608506.12349 1687639008.59416 1171742700.76446 196412626.567788 2146523328.39978
612356218.192638 217113778.47976 443684124.464538 1036062280.44816 587953310.188441 218689743.04323 1422614816.32691 1160789797.33265 1151759785.76144 1243414773.66754 42806473.8752109 2077890600.69788 537030897.215543 1787620627.77266 1347641787.30294 75559329.4018501 1676431848.30618 1478853185.15293 83192113.8594687 1148967169.16873 1012949291.52115 1839105329.91809 1291940178.83995 990061609.458962 115168454.21299 489906561.33002 2123385010.33201 815708748.40994 483280588.403224 493246745.991063 1357450796.70979 1762254467.97085 329113616.699985 563887230.356274 1370656665.38761 631158075.676861 486216306.41028 420584609.498784 40395774.0494994 206741285.410127 1620297356.37346 1544111463.41455 160653411.705165 887065083.448638 1989296650.2787 1992606814.63552 1352448339.54397 1152377772.7619 1504389583.88555 0
1642477769.90162 1239885845.10476 1762439787.66602 1973718084.55127 222496492.578498 292404819.88106 839942988.175546 659174677.819559 507995097.258648 2127638194.40606 1924223574.44809 616141861.813943 923280062.359557 987262875.65839 101100009.682446 1876175727.43395 1714223781.13326 611305093.19465 1788339271.64975 1187051682.05301 1064014838.52354 1291833686.83457 671037601.045278 1906055082.75233 705585121.810224 660163266.277969 1656012381.29448 2124972064.31675 1320075020.76342 1449172129.46114 443003184.260694 1082741851.42116 1513623078.70221 177838897.257872 1913159927.1123 2119133299.5868 1515874939.93775 1955474001.3725 1817917046.45234 1076890856.38466 1013570807.7074 708296803.236854 805378324.595693 1423372594.50377 308679013.967913 1245416678.06934 2093640330.09162 1818325867.23478 0 0
41553347.1803949 278610494.610265 2066878722.6297 1849949161.21626 1768293411.72061 1228543506.8334 824394037.617022 1009777285.16237 562550179.290166 2124210385.49889 1999023004.26734 99060225.1091427 84614544.579042 245096545.922971 1143233595.91746 1313993249.61426 195466923.675812 758375029.666139 692781442.891201 906651015.842276 1816655567.11356 887830829.654424 50697423.829414 257445353.526718 1068800771.41757 1733831704.68476 220027399.34783 652639321.752013 288334912.020595 1225919566.38342 1107182979.93848 1468668547.90596 233503732.957822 1594236315.70808 566668659.804075 1803385289.37076 1863958671.14689 1402193830.8173 1833754076.3917 183684726.209988 986037801.587414 913264747.114786 236403359.927114 1099093403.74319 798656002.601133 1142186997.30201 687920827.038769 0 0 0
701591951.907468 922693408.507465 1171861258.06579 186916688.411806 564450313.693624 1240831952.43662 1754039267.95557 1492249934.48661 1928665307.74256 2008027266.36088 1984841414.92816 1102102543.56912 1709138636.18162 957812948.999183 721926359.662743 584552026.537761 108272606.829205 1761327151.74548 832451288.346443 1816801271.01975 264028500.047354 697010907.731648 1153151696.67346 236923338.556233 103740519.885297 1509741280.78931 788009478.959463 245897680.398546 846669381.860546 1528117492.36407 1330945418.08786 162420280.6001 904993369.040047 829365665.987584 290748440.949403 212526984.551661 1925322053.91531 510945878.87691 1296194499.78156 69016850.1224176 153101436.889783 2041988990.45088 2060971733.48289 366822714.090956 1534805544.42164 754236172.527094 0 0 0 0
1363347750.48194 858948236.035091 2086754529.72447 666209630.496931 616883070.122742 903753019.098905 1688634393.15137 1917192561.45163 1549484218.23759 1707159340.6127 1778991659.58917 628735048.729986 294165483.624757 1375216508.93853 1866660693.29525 586014146.713754 1284591856.57187 1968819609.4146 1106669023.20284 1943879370.87912 1012173561.53521 1793490478.94855 1007042117.85197 1427097883.80835 1267295792.71918 793325586.477105 1345781266.73852 1500418414.04569 406229739.669993 1928675838.34696 180573452.371701 1347974890.99201 1825056796.70709 1075287929.21446 503721606.478157 2010690490.5187 713835352.915842 303596276.2932 1619220760.34423 560591812.285011 2062041062.83204 748176518.15005 1988197569.79578 186993862.859669 1875149438.87111 0 0 0 0 0
484127527.84534 654396013.558226 1707314734.09963 1948857318.84315 211940992.761852 754304923.450084 1232192559.11197 1681223652.85072 310739117.710837 1282353706.40549 626383046.844939 878206142.613099 830541816.252049 50044449.4776496 142129640.054079 1331467676.64105 732884397.363451 542707768.09096 459500001.77418 259440067.041744 828269427.91086 527279915.499194 2005235002.51013 554593431.236424 788490193.075104 1398184207.37624 563771815.467698 1244316404.3805 937148574.691628 368238323.542981 163908145.429858 1668517276.04461 304596550.7102 233663298.210333 1845236376.69192 1367413218.37052 1267070045.5554 42505889.3808221 1287212564.90975 1458868205.87662 2134161325.78688 237254499.99108 865432912.243774 812874240.873578 0 0 0 0 0 0
1683673046.87222 1405670847.52234 1294300537.57783 2073219184.95584 287540215.20092 767414683.22356 861830069.04792 809963292.675249 941354779.280561 1688380999.70713 961868233.198608 1677389778.52664 26391895.294852 1179365947.28945 685858127.785884 1377858255.89807 712268275.23523 915497357.987038 80217031.1144082 1648867014.0122 1266974487.06396 530268987.398485 1186263873.45578 1020702027.94588 879848783.435231 1186974158.12244 982602927.671396 914125689.585413 195682942.127925 1095331653.30785 61514142.6759723 1366782321.34801 1201097787.45929 1915307859.16609 1334892965.39013 1369868931.32394 1101116936.77402 251570951.383947 2043721862.38261 2092173439.55651 1759971494.60331 1889214581.88415 500697828.519178 0 0 0 0 0 0 0
945976991.66028 1738510981.8409 1923964361.90943 1297841664.45996 2112159461.91401 918050414.898913 1802126029.09311 1210951506.30921 696361685.019581 1712266900.22878 1309299320.68354 1190241498.04173 1360927629.70851 330027390.953542 1048622816.42534 1709908533.75231 246654048.040127 40341421.2316052 765649712.78071 1061318922.72847 1545307092.05279 1697515229.20314 2053952378.05277 1167007227.88114 2131631965.51034 599233259.860153 186422690.004372 1953109973.75696 227697975.767831 444887531.187404 1622956106.65081 2086617182.55821 252910134.675189 1683746710.79905 159604040.332288 2045858916.54356 1128213872.06887 1093485604.5569 1917863949.35111 183137813.580962 354509753.272544 2063567158.97796 0 0 0 0 0 0 0 0
314169586.936085 1429153688.11049 280545815.261823 269670411.588702 1231673921.30681 2088896623.06878 174227050.232253 183325797.281257 577058041.744377 1732623938.66033 1197571244.73548 718951562.01794 1063386822.35259 1855184805.75492 1465766624.6262 47937628.4832042 1481526324.99369 884587030.181686 20803995.6735704 1435408073.8125 443912709.363975 2083093606.21855 206484842.440417 1021711685.66082 570679770.804023 670548484.420705 1000142768.30059 902588706.410816 1291275184.64756 1321362094.77805 854558803.370656 1945945945.94734 610933913.489514 813654580.087437 1761655230.90368 583190700.595143 163128913.994317 974136136.193688 1643823067.11623 1979523677.05476 1882943200.20307 0 0 0 0 0 0 0 0 0
1050496285.87853 674216169.601618 37530279.3892966 1231352173.0011 1246375498.36213 125119347.89036 890268923.836057 983167696.022678 2005892065.60664 132133767.388334 1804933753.36206 1143436065.71711 740327501.471411 1818865824.22661 1385880787.48506 1558588786.56055 1935398671.19487 1892965365.02762 1360176746.68287 1013693297.98959 1103901292.81923 694266911.909444 1152940900.1856 1245010936.61756 1580257201.74279 391200813.31515 2132948355.48848 778629363.127114 743187441.596851 551637360.546066 1164625834.34678 763969683.095325 1366553687.49772 2124118472.21969 2049936635.4302 836007592.251196 289051616.071939 1877524222.02126 83254097.6230102 387030984.159139 0 0 0 0 0 0 0 0 0 0
1914819267.22941 1053873902.90256 650465140.410625 1218298911.41276 1787333618.75437 1463618645.03653 914815339.925972 960504382.167264 995318724.227968 586461834.039163 421944239.360059 1423748442.30567 759114784.930971 387727148.921293 1318960758.34132 189721180.723063 894696948.097737 1405331750.31291 1838314462.45319 1701728052.22573 1998024111.57636 831939618.200209 1607710259.35277 1772107674.20863 1341466463.70703 1197810269.8108 751442357.141062 2067287845.5316 1216399599.18508 1179127274.37193 494082874.646022 1714920227.49097 1430268908.95849 1331235513.32826 583177824.134363 668365760.010295 935312961.047366 233561061.620124 2088765376.46277 0 0 0 0 0 0 0 0 0 0 0
1196185332.00072 227137420.971921 636994694.907163 1682657395.27755 801324540.275563 290084725.122811 1603045488.67095 1941567645.4205 2138144438.28438 1670284554.89643 1147161286.79016 1573806912.49694 2012331512.49031 849961887.547479 805867417.302551 69368398.3425316 1200316191.10366 1348760273.54835 571566273.258154 750326707.891409 1519175853.38848 1257010855.34434 414841691.148753 832981101.640283 228023454.015036 111057378.82438 1808905845.07622 1994124256.76686 575232741.608824 74853594.806318 1098154871.23607 1937640679.07059 522399091.79255 1210901286.64282 92092231.3557635 331458086.737497 2007859650.88638 405897811.145713 0 0 0 0 0 0 0 0 0 0 0 0
439847656.388519 652339567.788312 219942420.755512 947679363.360226 538666810.207922 1074158895.48272 375957095.86121 602338527.657332 479527821.54308 816132245.471352 1044087427.51475 217068933.400626 1256026355.74507 1282904672.75042 1848314163.31422 1909965995.95596 1905277548.78287 1206962812.87934 655100242.246544 1511612400.75586 1706758862.54206 1760417189.03534 627828384.081154 1004490689.18167 161657850.497015 1104235202.3919 1087348840.71766 1416313047.69007 617269955.903143 436861163.357353 339543959.690879 1072748299.93662 684027699.544234 1278830578.3922 642470640.401141 756509869.976753 1802126781.62418 0 0 0 0 0 0 0 0 0 0 0 0 0
1452946060.94413 1492476961.06574 232509675.503729 595526275.415725 1449852874.36367 1718026447.49749 965559567.169555 264894382.871963 1271107545.40191 92588560.3465467 1283645928.10389 91313565.8831398 1539344992.74812 1042929876.07556 1895155433.67414 310821753.537446 1186960982.88215 88214123.7153896 2136927486.2217 1706975480.6997 171882828.742388 33799412.135864 293346008.82103 203174568.425947 577338931.427211 1737820776.95037 2004973185.49263 56780077.5726886 1936195645.81185 749318544.36015 38819672.2017566 1145090460.001 470160788.262572 2028884544.56747 275903242.407961 1883081820.37021 0 0 0 0 0 0 0 0 0 0 0 0 0 0
1303606901.34341 572320469.855357 189307164.906657 1603182373.89578 1403403328.05971 1732402092.45529 1857359694.19437 1296667566.06009 1837626405.46839 1747575486.18324 1874255169.43472 1463775590.87828 449174900.014735 1969088617.87403 1881748570.52714 638809971.860883 1181830455.43903 737287881.590224 485603015.171084 1040532320.99495 140249854.453146 1517495745.95837 848350454.077935 292280004.024564 1414685424.88469 1528493974.66009 1275998706.69364 1068245957.17232 1421185002.38822 1387689315.07342 2125426484.87251 41930602.126372 1636890339.94583 1943379997.42587 1827606384.01358 0 0 0 0 0 0 0 0 0 0 0 0 0 0 0
1790918130.68463 2112809613.81882 253245405.419622 1563547956.72325 1037747122.13123 1886847004.89236 462274888.991572 1751011156.63738 572733327.85669 2022040987.17101 1993794885.8379 1127193841.41112 11221354.1927967 931192417.580267 421196317.449214 371467305.71023 372627433.64518 108928916.027133 1452202637.77536 1236341156.07782 953982538.938539 1943443065.51496 418300446.097364 1411430820.02795 667854336.124856 1458420379.04827 1039999057.68004 182860088.99606 343033055.572736 1747189941.92513 2117423380.14782 1131976264.03402 2057827587.1684 1543711014.57008 0 0 0 0 0 0 0 0 0 0 0 0 0 0 0 0
2020456255.78825 2064046025.49134 603386385.863768 1560742143.98989 2003420704.00993 464568071.907861 1150080620.40567 578259564.071279 1653743663.12471 485208197.493483 1202654010.05466 1862717670.1035 2065364764.65059 197174074.296416 883519804.870962 1195534130.02638 812860670.087165 187056470.522749 351562946.187789 1647749718.62052 2047106854.09526 135600951.149811 765373025.905738 836620639.580335 1886658139.45584 566806711.83354 2023915200.22536 21590427.8861839 1977510055.85765 1137264799.63039 1657753106.43036 1242262660.06195 973265288.189947 0 0 0 0 0 0 0 0 0 0 0 0 0 0 0 0 0
1136756294.44838 684106869.746525 1948991694.5823 767548778.605423 1160122523.46477 2129273604.71758 1604372163.05602 560502905.511481 897373990.955583 1303569627.72317 180229143.153154 165595956.200921 1292567497.30606 1413493311.13691 1822286065.5229 1109782258.00119 1495935643.16646 808300330.941199 562153172.132019 1177397224.68164 1022463960.33704 1471326408.54528 1921275390.20327 237412321.473557 793243583.26047 26819671.6228909 976958386.730038 227678232.37619 797298281.117641 310581809.601508 1984459536.22051 1625333902.01733 0 0 0 0 0 0 0 0 0 0 0 0 0 0 0 0 0 0
2035794128.99033 45064743.5806361 1459491457.31981 536244508.285853 874700956.925377 530541079.74689 1005052625.53183 657683027.398633 419849788.184652 1648243294.5881 1096093522.89389 1173081846.96656 129787418.000205 1223911768.14413 2120410671.94676 1626845269.25561 1245928625.66781 1282670854.90433 391444926.529918 1704948849.04958 23110918.7266356 462947171.529555 1037202817.35913 1950291930.83944 1742432719.74599 871879797.739434 972785901.168757 1088599455.0541 953635173.054423 1117119095.67942 1610348382.10558 0 0 0 0 0 0 0 0 0 0 0 0 0 0 0 0 0 0 0
640938133.460554 360386847.991442 358005285.800201 2006911061.40192 464612902.66559 839071450.717945 1239819721.78377 1456670607.0167 1038472577.70131 197631139.730488 714572001.2414 1161271489.01812 1723616158.41142 345517623.543191 988406845.127858 20870360.1145046 643602345.905186 919500028.755022 776823070.491543 413222684.107974 1943256246.40946 1137394726.74041 748851434.735043 1270067189.72315 806989390.427367 1225884066.81889 1261420896.01939 1659635081.05706 1975245475.14969 405490156.755286 0 0 0 0 0 0 0 0 0 0 0 0 0 0 0 0 0 0 0 0
1372901571.39135 2022201458.08849 1408473620.27622 898173869.67215 763638980.923293 1406532506.99203 1092820412.98406 1772939156.92329 1528491964.80035 1437554598.06758 1760941820.43775 359505114.032896 1196171511.19083 1131959565.28031 284236049.371116 1793635673.21204 650089994.437136 1006454812.51355 1004590252.44115 181545844.072493 680319465.919271 789305114.452491 1658714385.57881 665739234.60334 416181118.849539 741526773.119447 1031393511.12124 2008505397.20156 480911443.908765 0 0 0 0 0 0 0 0 0 0 0 0 0 0 0 0 0 0 0 0 0
1141353108.46505 1608698718.13793 1159196189.98448 189121080.442925 1480286080.07175 1106787238.31204 978157333.270614 1537189828.59692 1612287006.90073 150752062.714917 559412863.978198 1891538774.92377 185784600.282819 55438165.71578 1571448744.18148 1077721011.26711 621928246.559034 1953484293.61949 694461727.178866 814922409.383067 782595204.329474 1910189206.23826 188875255.88176 846213810.074687 866803622.883359 795563973.034551 282092333.509025 1392144994.55329 0 0 0 0 0 0 0 0 0 0 0 0 0 0 0 0 0 0 0 0 0 0
1254624132.82534 110423551.256974 2058719524.37229 1527208801.50783 1223840287.24828 48171221.8964562 775137564.096317 587416073.571914 1119384460.68713 752677273.931023 190474313.642555 1794905464.20475 1908618390.95113 670322248.848404 1741642336.4673 291518084.780583 1955854695.35638 75726100.4980451 273687763.122504 911395195.992138 1327815333.38167 1435304943.83967 1845394077.49759 1532734646.30732 1309583285.79855 1102297715.44423 340445340.717245 0 0 0 0 0 0 0 0 0 0 0 0 0 0 0 0 0 0 0 0 0 0 0
997698923.941674 2124979829.84667 790712893.007537 129156609.862758 1496404729.10259 241658737.241848 2116753890.00458 131113496.775492 954487929.39875 564209442.358355 671540690.707029 2092055895.99615 741792519.391177 509798603.004823 512349748.012466 2048708415.69152 1335843940.19352 1915095781.09359 1092047546.28078 1619845527.41686 2001443385.75555 1470704706.56577 1561523344.61748 1099302276.70916 528850530.83433 760383999.114547 0 0 0 0 0 0 0 0 0 0 0 0 0 0 0 0 0 0 0 0 0 0 0 0
389761901.800177 868731928.757561 2077658340.99337 1076411730.97703 1653871319.05532 1340409667.68435 319093036.42101 1331005295.79217 242214373.967466 573308446.16369 1383947807.84587 915601188.557157 47627466.408417 577683686.727944 1888227242.52823 1628991339.40425 1413870056.83946 1095268487.82187 1694333796.13422 270804466.515149 1674039078.77727 1388821248.87667 282129898.000498 895894103.306131 2142506841.71973 0 0 0 0 0 0 0 0 0 0 0 0 0 0 0 0 0 0 0 0 0 0 0 0 0
1280693766.2788 1218402494.19039 1009523868.33563 802766873.847378 1579222932.55907 1555572760.7733 209923427.24191 637290695.219926 55764265.3091322 1956327156.79792 6838017.97856514 1806813518.75182 824965337.867179 427662921.549685 914354874.02168 2128658300.96287 1568224483.15954 2001163992.47976 1797203608.46799 793196519.174393 962192653.941607 856506098.567035 1698185634.00624 1459255078.40481 0 0 0 0 0 0 0 0 0 0 0 0 0 0 0 0 0 0 0 0 0 0 0 0 0 0
1245354303.91145 2092789767.10805 848567839.199758 1538776093.6178 939386322.815545 1731381541.60292 293098458.824132 905375929.713703 1219414931.7615 92423217.9382115 665816863.817002 822567251.557974 2018143424.73659 751336763.061577 1244946539.27433 2063815359.37792 402997871.794336 2082569181.51433 101250961.883183 1219188146.5305 951320686.31406 90888824.0213435 1421108931.76644 0 0 0 0 0 0 0 0 0 0 0 0 0 0 0 0 0 0 0 0 0 0 0 0 0 0 0
81408650.6239236 1116710711.68514 2145767245.02928 2068451808.74131 203507177.762911 1134759082.41656 361378030.658553 1825124309.65497 81778237.1631078 1835037083.42832 891756695.342149 1834725149.90727 1431414890.68465 416112276.512535 1063473256.99598 1663610372.36169 1924615803.17333 1500411398.72594 1163007960.89458 590831391.931756 890605798.446353 1502315351.20686 0 0 0 0 0 0 0 0 0 0 0 0 0 0 0 0 0 0 0 0 0 0 0 0 0 0 0 0
2117236753.63059 1535242463.90918 1461606396.78802 592660979.879216 358281377.233437 754168905.69576 1652624115.61274 39909004.3145492 1794256583.45066 528471527.098781 2122212029.16672 1117416524.99495 2061303687.12394 243533109.143496 1906923589.92275 29201784.9689031 1379927873.6475 1978594282.03596 2082519269.28459 1786537057.7072 1546200315.89546 0 0 0 0 0 0 0 0 0 0 0 0 0 0 0 0 0 0 0 0 0 0 0 0 0 0 0 0 0
418451061.662782 1765532566.00292 2053814325.92883 1881197288.96058 206673564.964057 430065208.60079 469502045.819196 236769404.719951 2038620315.55667 1448730155.13248 2128661196.24409 472099565.382284 114204847.122064 1484736335.98262 740453538.550924 1328738592.53889 813412862.092769 2087059230.85756 371111287.956946 359838838.184575 0 0 0 0 0 0 0 0 0 0 0 0 0 0 0 0 0 0 0 0 0 0 0 0 0 0 0 0 0 0
574441951.927402 1774917019.04954 1650638399.04179 920992677.102159 1987943205.2498 720018900.275252 69963484.5875225 1941815332.95077 951214889.439856 2039557478.83432 509908302.893379 1322372340.54532 741558851.661373 476772959.12586 1819634526.2527 1174970970.99236 835598042.490042 1857547083.06383 896741069.170298 0 0 0 0 0 0 0 0 0 0 0 0 0 0 0 0 0 0 0 0 0 0 0 0 0 0 0 0 0 0 0
1317794193.01139 1488620363.58923 122220484.095003 463082115.34349 1087298051.79125 404887463.021094 890370828.732956 15467531.3332447 2033947464.37412 669209018.281195 1512312784.10727 1760452740.30301 547233294.673009 1508949689.34292 1902985782.54254 1551631492.8404 1145019198.27265 1774273075.93835 0 0 0 0 0 0 0 0 0 0 0 0 0 0 0 0 0 0 0 0 0 0 0 0 0 0 0 0 0 0 0 0
303064569.648219 1796296762.52078 707974081.001826 332989269.430762 2012879081.82624 1799780153.81418 2115611422.05586 1165894219.49087 1615354467.13638 1000882440.50638 411493702.390182 718118868.383904 842550484.872715 982136280.963776 147570089.348145 1047763412.14197 1947221885.06885 0 0 0 0 0 0 0 0 0 0 0 0 0 0 0 0 0 0 0 0 0 0 0 0 0 0 0 0 0 0 0 0 0
412572984.298912 1154595237.79085 2043370389.7024 2044845457.38901 785314346.428586 1792979365.88848 768295819.830286 2146678523.23166 189381027.396808 1732104519.31983 1603600981.75094 673920919.452561 275805330.456961 1169267803.19128 777484936.589175 726572151.696123 0 0 0 0 0 0 0 0 0 0 0 0 0 0 0 0 0 0 0 0 0 0 0 0 0 0 0 0 0 0 0 0 0 0
1948705066.91631 1854871152.244 2047027141.96136 396993504.763672 1190081304.8026 52596237.9058142 1178932542.50387 1105846349.62706 2070497727.83705 558254589.091095 720246644.586916 691739161.441176 2115470405.08509 1422531521.49456 339124545.760921 0 0 0 0 0 0 0 0 0 0 0 0 0 0 0 0 0 0 0 0 0 0 0 0 0 0 0 0 0 0 0 0 0 0 0
57912779.7765156 193809227.138798 2106768613.44146 2075637788.75562 597949267.126829 455145448.042902 1644232304.94413 1560041396.408 1940419607.62457 2022952858.91743 487766233.52499 706988876.247242 774665993.320521 1276015766.42257 0 0 0 0 0 0 0 0 0 0 0 0 0 0 0 0 0 0 0 0 0 0 0 0 0 0 0 0 0 0 0 0 0 0 0 0
555999784.868132 641969742.690307 1300849194.79325 1665666855.24798 1751411910.41019 1122759133.07349 1418440493.20853 1199611708.13313 1887962659.29249 1763643267.37799 1534861249.57709 389790775.037852 1186585618.24049 0 0 0 0 0 0 0 0 0 0 0 0 0 0 0 0 0 0 0 0 0 0 0 0 0 0 0 0 0 0 0 0 0 0 0 0 0
1146298911.50198 960565652.843008 1670884382.66052 1819492420.54398 1066692197.41031 1777877316.52164 938765233.972401 361838139.478474 1272255166.49339 218485745.868519 551716323.018608 2075279547.19609 0 0 0 0 0 0 0 0 0 0 0 0 0 0 0 0 0 0 0 0 0 0 0 0 0 0 0 0 0 0 0 0 0 0 0 0 0 0
790468679.068243 1072153522.21621 1520074552.68182 1474509631.26109 295836704.365264 557200896.273659 1719443351.97256 1357465079.86231 485813037.116534 1528597196.1483 655497509.357514 0 0 0 0 0 0 0 0 0 0 0 0 0 0 0 0 0 0 0 0 0 0 0 0 0 0 0 0 0 0 0 0 0 0 0 0 0 0 0
1836834278.84886 449879675.236251 2114515457.68812 2010284545.68403 2112218700.51518 1150192918.25121 1019876504.70982 346301949.631062 1795594729.8149 1554106524.5668 0 0 0 0 0 0 0 0 0 0 0 0 0 0 0 0 0 0 0 0 0 0 0 0 0 0 0 0 0 0 0 0 0 0 0 0 0 0 0 0
824370069.071883 1531015248.89483 1455556336.61988 1849572361.23943 1379318011.14038 658846938.818074 1913083836.01058 457199498.650401 14418277.4715889 0 0 0 0 0 0 0 0 0 0 0 0 0 0 0 0 0 0 0 0 0 0 0 0 0 0 0 0 0 0 0 0 0 0 0 0 0 0 0 0 0
1497164645.9985 697882201.453732 819662765.744288 1584968766.54947 1068673870.9223 1505485360.59516 602143777.896911 911856323.73844 0 0 0 0 0 0 0 0 0 0 0 0 0 0 0 0 0 0 0 0 0 0 0 0 0 0 0 0 0 0 0 0 0 0 0 0 0 0 0 0 0 0
2090869464.78346 291895522.314656 1199272520.36477 1775631915.69668 89620206.8431996 447491486.717526 773867765.464341 0 0 0 0 0 0 0 0 0 0 0 0 0 0 0 0 0 0 0 0 0 0 0 0 0 0 0 0 0 0 0 0 0 0 0 0 0 0 0 0 0 0 0
1067134755.51086 1340776191.36455 252814744.725182 519312016.930145 1482188297.96865 336674983.128327 0 0 0 0 0 0 0 0 0 0 0 0 0 0 0 0 0 0 0 0 0 0 0 0 0 0 0 0 0 0 0 0 0 0 0 0 0 0 0 0 0 0 0 0
262514569.938979 1156180370.04713 1846801334.40989 844944024.15241 79326976.4294404 0 0 0 0 0 0 0 0 0 0 0 0 0 0 0 0 0 0 0 0 0 0 0 0 0 0 0 0 0 0 0 0 0 0 0 0 0 0 0 0 0 0 0 0 0
1104830877.69206 1960940470.33241 368640734.6283 884761928.538486 0 0 0 0 0 0 0 0 0 0 0 0 0 0 0 0 0 0 0 0 0 0 0 0 0 0 0 0 0 0 0 0 0 0 0 0 0 0 0 0 0 0 0 0 0 0
1150854633.02053 406107632.0333 913479718.190188 0 0 0 0 0 0 0 0 0 0 0 0 0 0 0 0 0 0 0 0 0 0 0 0 0 0 0 0 0 0 0 0 0 0 0 0 0 0 0 0 0 0 0 0 0 0 0
2084809672.91584 1673286710.69943 0 0 0 0 0 0 0 0 0 0 0 0 0 0 0 0 0 0 0 0 0 0 0 0 0 0 0 0 0 0 0 0 0 0 0 0 0 0 0 0 0 0 0 0 0 0 0 0
1066474923.04349 0 0 0 0 0 0 0 0 0 0 0 0 0 0 0 0 0 0 0 0 0 0 0 0 0 0 0 0 0 0 0 0 0 0 0 0 0 0 0 0 0 0 0 0 0 0 0 0 0
